C:\Users\12896\Anaconda3\envs\tf2\python.exe D:/PycharmProjects/tSNE/cal_sigma.py
Computing pairwise distances...
Computing pair_prob for point 0 of 2000 ...
Computing pair_prob for point 500 of 2000 ...
Computing pair_prob for point 1000 of 2000 ...
Computing pair_prob for point 1500 of 2000 ...
0 [2.45936863]
1 [2.77987479]
2 [3.05902399]
3 [1.71807244]
4 [2.90079166]
5 [2.43496382]
6 [2.10498273]
7 [2.68507106]
8 [2.58334756]
9 [2.41933042]
10 [2.66571774]
11 [2.58489447]
12 [2.68578673]
13 [1.93321826]
14 [2.32753122]
15 [2.7270814]
16 [2.32360299]
17 [1.94356743]
18 [2.67532592]
19 [2.39937037]
20 [2.07463076]
21 [2.6213274]
22 [1.95338051]
23 [2.40686799]
24 [2.32369273]
25 [2.69795707]
26 [2.42139253]
27 [2.99979331]
28 [2.45540957]
29 [2.19816396]
30 [3.07856821]
31 [2.5006832]
32 [2.60291972]
33 [1.48919031]
34 [1.94105174]
35 [2.92172201]
36 [2.18139129]
37 [2.27779508]
38 [2.57937373]
39 [2.55954412]
40 [2.21446431]
41 [2.62539938]
42 [2.20138201]
43 [2.44487517]
44 [2.20891097]
45 [2.2339715]
46 [2.36199401]
47 [2.43482959]
48 [2.27315458]
49 [2.24182222]
50 [2.72301185]
51 [1.75980349]
52 [2.9333389]
53 [3.44944448]
54 [2.04835235]
55 [2.54968666]
56 [2.16031832]
57 [2.22671318]
58 [2.71862745]
59 [1.96499866]
60 [1.77066725]
61 [2.17013453]
62 [3.05887045]
63 [2.95398169]
64 [2.22005192]
65 [2.90239336]
66 [2.16720669]
67 [2.4950242]
68 [2.10284231]
69 [2.05377512]
70 [2.25026686]
71 [2.9784751]
72 [1.66608276]
73 [3.15827579]
74 [2.67195171]
75 [2.2100219]
76 [2.98118769]
77 [2.35049167]
78 [2.40988545]
79 [2.43953394]
80 [2.52065404]
81 [2.13416252]
82 [1.85914049]
83 [2.01320645]
84 [1.97198209]
85 [2.38763408]
86 [1.8667399]
87 [2.80519521]
88 [2.23349851]
89 [2.43544585]
90 [2.26201285]
91 [1.73053973]
92 [2.07301466]
93 [2.492377]
94 [2.58203322]
95 [2.32532176]
96 [2.12238122]
97 [2.63309122]
98 [2.16379776]
99 [2.47314138]
100 [2.36173014]
101 [1.64276478]
102 [2.73056473]
103 [2.483196]
104 [2.2864036]
105 [1.83000752]
106 [2.48973086]
107 [2.25221455]
108 [2.72964779]
109 [2.25658526]
110 [2.84580619]
111 [2.39298062]
112 [2.20744003]
113 [2.87276303]
114 [2.13148389]
115 [2.27826859]
116 [3.03313557]
117 [2.41008568]
118 [2.27379335]
119 [2.37951719]
120 [2.025005]
121 [3.31520079]
122 [2.46500932]
123 [1.55642514]
124 [2.89608349]
125 [2.11767412]
126 [2.16742999]
127 [2.25864281]
128 [2.70416354]
129 [2.44176271]
130 [2.60253929]
131 [1.61885549]
132 [2.0078663]
133 [2.44189809]
134 [2.54274405]
135 [2.42560745]
136 [2.49336687]
137 [2.37593082]
138 [1.98325259]
139 [2.28260022]
140 [2.3759724]
141 [2.27148735]
142 [2.6265305]
143 [2.09507735]
144 [2.6803344]
145 [2.28953901]
146 [2.88971678]
147 [1.83556175]
148 [2.45473924]
149 [2.82408892]
150 [2.21183332]
151 [2.31996246]
152 [1.70432011]
153 [1.91443343]
154 [2.47838383]
155 [2.18534188]
156 [2.53631675]
157 [2.63715276]
158 [2.62810224]
159 [2.24650553]
160 [2.76190933]
161 [2.74857981]
162 [3.2283569]
163 [3.24010076]
164 [1.89248402]
165 [3.05235417]
166 [3.01599097]
167 [2.07571311]
168 [2.60811528]
169 [2.48190102]
170 [3.09741794]
171 [2.16654689]
172 [3.30588]
173 [2.28969068]
174 [2.69792898]
175 [2.85880487]
176 [2.78927969]
177 [2.43805377]
178 [2.47353819]
179 [2.76053906]
180 [3.2909207]
181 [2.42170399]
182 [3.41467101]
183 [2.83967185]
184 [2.40759301]
185 [2.0883352]
186 [2.42661864]
187 [2.28785833]
188 [1.7930673]
189 [2.24212314]
190 [2.96328377]
191 [2.68423607]
192 [2.58670823]
193 [3.29257046]
194 [2.81197205]
195 [2.55987201]
196 [1.70801463]
197 [3.1388973]
198 [2.04898375]
199 [2.69436369]
200 [2.77151813]
201 [2.49448372]
202 [2.48303904]
203 [1.69853318]
204 [2.15213454]
205 [2.44502849]
206 [2.97176344]
207 [2.19071641]
208 [2.37124725]
209 [2.59265017]
210 [2.83911515]
211 [2.36156684]
212 [2.4353632]
213 [2.45886162]
214 [2.45233763]
215 [2.62733872]
216 [3.4226633]
217 [2.58294072]
218 [2.64686979]
219 [3.10137895]
220 [2.54223661]
221 [2.88037885]
222 [3.00500067]
223 [2.91845695]
224 [2.88089177]
225 [2.44929121]
226 [3.44865212]
227 [2.53634787]
228 [2.07201712]
229 [3.17768101]
230 [1.67091114]
231 [2.46660355]
232 [2.68688212]
233 [2.52825634]
234 [2.39483848]
235 [2.85909736]
236 [2.66904796]
237 [2.39036473]
238 [2.09479239]
239 [2.26180316]
240 [2.62925636]
241 [3.02184563]
242 [2.92588148]
243 [2.47393519]
244 [3.19251075]
245 [2.89356757]
246 [1.99634792]
247 [3.36335705]
248 [3.19819684]
249 [2.96874268]
250 [3.24353264]
251 [2.43521169]
252 [2.75311594]
253 [2.31607829]
254 [3.25811602]
255 [2.52079916]
256 [3.25415695]
257 [2.76582054]
258 [1.99164882]
259 [2.56134506]
260 [2.41522869]
261 [2.98136458]
262 [3.22609306]
263 [2.53200984]
264 [2.09242072]
265 [2.92065223]
266 [1.93472211]
267 [2.57351223]
268 [2.18864383]
269 [2.55645538]
270 [2.52775559]
271 [2.84207156]
272 [2.22648157]
273 [2.65644918]
274 [2.04128298]
275 [2.99025583]
276 [1.95294706]
277 [2.60898706]
278 [2.40543983]
279 [2.68975869]
280 [2.37333533]
281 [3.11181881]
282 [2.49635838]
283 [2.63780453]
284 [2.07319735]
285 [3.1259344]
286 [2.04094238]
287 [2.77831398]
288 [2.44362876]
289 [2.63908761]
290 [2.56859509]
291 [2.95515927]
292 [2.66725461]
293 [2.60893625]
294 [2.04534686]
295 [2.63981537]
296 [2.55693352]
297 [2.89331345]
298 [2.39215448]
299 [2.0120247]
300 [2.72054332]
301 [2.8533863]
302 [2.70461625]
303 [2.57823704]
304 [2.66415647]
305 [2.44643063]
306 [3.16439989]
307 [2.43198161]
308 [2.58090121]
309 [2.06931614]
310 [2.73971169]
311 [2.47581452]
312 [2.11320516]
313 [2.78473779]
314 [2.49504642]
315 [2.58678251]
316 [2.06893598]
317 [3.07230571]
318 [2.64471489]
319 [2.51033933]
320 [2.23820993]
321 [2.8146264]
322 [2.44321139]
323 [2.59111833]
324 [2.42165659]
325 [2.63040115]
326 [2.55874492]
327 [2.48956162]
328 [2.46027351]
329 [2.92285248]
330 [2.80207423]
331 [2.26867593]
332 [2.46141757]
333 [2.5198602]
334 [2.14225473]
335 [2.04818844]
336 [2.4047499]
337 [2.50179125]
338 [2.18937407]
339 [2.67596986]
340 [2.53243567]
341 [2.59081976]
342 [2.55456138]
343 [2.65802379]
344 [2.39233727]
345 [2.69672183]
346 [2.22316808]
347 [2.2636261]
348 [2.10458257]
349 [2.49776901]
350 [3.05228637]
351 [2.12341223]
352 [2.42645172]
353 [3.06639057]
354 [2.50124264]
355 [2.11544964]
356 [2.83376145]
357 [2.33689481]
358 [2.44934025]
359 [2.48564191]
360 [2.91117099]
361 [2.48176982]
362 [3.02718872]
363 [2.34772246]
364 [2.16979347]
365 [2.25497606]
366 [2.37695156]
367 [2.63025363]
368 [2.13342593]
369 [2.2560211]
370 [2.8312366]
371 [2.61797561]
372 [2.36839778]
373 [2.8569239]
374 [2.66429173]
375 [2.6234342]
376 [3.54111215]
377 [2.11451132]
378 [2.84209345]
379 [2.24093092]
380 [3.186311]
381 [2.64179125]
382 [3.41820775]
383 [2.49517974]
384 [2.14765214]
385 [2.45264009]
386 [3.10486982]
387 [2.1624464]
388 [2.68415768]
389 [2.66035954]
390 [2.42241878]
391 [2.52089082]
392 [3.53512473]
393 [2.98660341]
394 [2.34676356]
395 [3.1939003]
396 [2.76501379]
397 [2.04553865]
398 [3.06308942]
399 [2.5009405]
400 [2.38887471]
401 [2.36263519]
402 [2.92486083]
403 [2.64565039]
404 [3.0537926]
405 [2.46716907]
406 [2.58992464]
407 [2.44344092]
408 [3.26618568]
409 [2.50899015]
410 [2.67926075]
411 [2.71190967]
412 [2.68880344]
413 [2.09017899]
414 [2.13115612]
415 [2.80329721]
416 [2.62619792]
417 [2.55001077]
418 [2.88516531]
419 [2.1260376]
420 [2.59345246]
421 [2.38268433]
422 [2.9015252]
423 [2.7859846]
424 [2.56870823]
425 [2.51198541]
426 [2.66363365]
427 [2.03010832]
428 [2.69709597]
429 [2.58087252]
430 [3.21816921]
431 [2.14804902]
432 [2.4730981]
433 [2.49935324]
434 [1.99015496]
435 [2.62350308]
436 [2.32721863]
437 [2.37756655]
438 [2.61230015]
439 [2.37265355]
440 [1.83641165]
441 [2.87373576]
442 [2.66276898]
443 [2.34704402]
444 [2.77254398]
445 [2.10189851]
446 [2.09233772]
447 [2.1178734]
448 [2.72905155]
449 [2.63535307]
450 [2.76280387]
451 [1.97472294]
452 [2.96365607]
453 [2.49776158]
454 [3.42858638]
455 [2.58781484]
456 [2.08181259]
457 [2.85820623]
458 [2.75645542]
459 [1.95864044]
460 [2.38884871]
461 [2.79513941]
462 [2.9739559]
463 [2.18242154]
464 [2.33307043]
465 [2.57067439]
466 [1.8436958]
467 [2.04804096]
468 [3.0166878]
469 [2.78368806]
470 [2.66239095]
471 [2.69507515]
472 [3.11394394]
473 [3.2436262]
474 [2.44436663]
475 [2.78613928]
476 [2.67795027]
477 [2.64802447]
478 [3.01014094]
479 [1.63015996]
480 [2.48121605]
481 [1.94553086]
482 [2.49514271]
483 [2.47278802]
484 [2.06509961]
485 [2.15188743]
486 [1.66167217]
487 [2.84698832]
488 [3.40011745]
489 [2.94243155]
490 [2.82845949]
491 [2.54937847]
492 [2.67368848]
493 [1.8246772]
494 [2.51771141]
495 [2.50647849]
496 [2.77480284]
497 [3.07210522]
498 [2.1150119]
499 [2.29172828]
500 [3.0524864]
501 [2.18113396]
502 [2.96091675]
503 [2.79955983]
504 [2.35634031]
505 [2.59189014]
506 [2.37587646]
507 [2.27707411]
508 [2.30407503]
509 [2.40160635]
510 [3.11255546]
511 [1.7573347]
512 [2.73164781]
513 [2.76956606]
514 [2.43579723]
515 [2.53007694]
516 [2.63193422]
517 [2.53183183]
518 [2.08560027]
519 [2.51129034]
520 [3.07783109]
521 [2.96629722]
522 [2.53891928]
523 [2.72817486]
524 [2.32594554]
525 [2.40033918]
526 [2.69119812]
527 [2.25048966]
528 [2.664418]
529 [2.4379294]
530 [2.4483249]
531 [2.51398317]
532 [2.9378384]
533 [2.92307278]
534 [2.66108258]
535 [2.02257819]
536 [2.13928873]
537 [1.89170236]
538 [1.81461336]
539 [2.12810263]
540 [2.32218353]
541 [3.02394321]
542 [2.47653848]
543 [2.01685812]
544 [3.03096239]
545 [2.23917828]
546 [2.82491627]
547 [2.55908849]
548 [2.20564193]
549 [2.48292224]
550 [2.71797856]
551 [1.80073062]
552 [2.19040565]
553 [2.79713566]
554 [2.40908502]
555 [2.62823858]
556 [1.99265918]
557 [2.03349195]
558 [2.77388133]
559 [2.63014084]
560 [2.39251683]
561 [1.98339395]
562 [2.1800166]
563 [2.90494993]
564 [2.17478401]
565 [2.39394172]
566 [2.33998622]
567 [1.54058312]
568 [2.79698436]
569 [2.40581157]
570 [2.2858054]
571 [2.33064594]
572 [1.91131282]
573 [2.41690323]
574 [2.96155442]
575 [2.73478775]
576 [2.07561503]
577 [2.29315296]
578 [2.72935689]
579 [2.56631932]
580 [1.87724709]
581 [2.82469055]
582 [2.33237435]
583 [2.37408788]
584 [2.431111]
585 [2.30314821]
586 [1.89351909]
587 [2.48589825]
588 [2.05252052]
589 [2.16686701]
590 [3.16293908]
591 [1.8129375]
592 [2.33487708]
593 [1.66188224]
594 [2.63325227]
595 [1.64017497]
596 [2.30991221]
597 [1.62831226]
598 [2.47815521]
599 [2.50556294]
600 [1.70722635]
601 [2.85088601]
602 [2.52986845]
603 [2.55507425]
604 [2.75125212]
605 [2.99933003]
606 [2.24773374]
607 [2.28126304]
608 [2.45980497]
609 [2.63571533]
610 [1.76022984]
611 [2.77399838]
612 [2.44698238]
613 [2.44958903]
614 [2.21434522]
615 [2.20003013]
616 [2.34849414]
617 [2.7379777]
618 [1.63686077]
619 [2.41619667]
620 [2.44033739]
621 [2.34264841]
622 [2.56691189]
623 [2.61689395]
624 [2.36958328]
625 [2.36697373]
626 [2.45160658]
627 [2.35479467]
628 [2.62460157]
629 [2.84314492]
630 [2.21268]
631 [2.19622171]
632 [2.71949736]
633 [2.64901224]
634 [2.53213756]
635 [2.3175845]
636 [2.19984228]
637 [2.53147591]
638 [2.94063536]
639 [2.20143288]
640 [2.57990988]
641 [2.42545095]
642 [2.45926578]
643 [2.14442385]
644 [1.81289773]
645 [2.90216022]
646 [2.58908424]
647 [2.79544144]
648 [1.99580183]
649 [2.44339223]
650 [2.56180591]
651 [2.39110101]
652 [2.75651034]
653 [2.10928326]
654 [2.19455165]
655 [2.35872706]
656 [2.48222184]
657 [2.09454697]
658 [2.75267325]
659 [2.59751271]
660 [2.42835797]
661 [2.53672919]
662 [1.95159879]
663 [2.44341657]
664 [2.52932817]
665 [2.73303876]
666 [2.48079006]
667 [2.7420288]
668 [2.72077858]
669 [2.38165298]
670 [2.83554537]
671 [2.45315381]
672 [1.63692769]
673 [1.83081462]
674 [2.37888784]
675 [1.72493267]
676 [2.28186334]
677 [1.78404793]
678 [2.74194524]
679 [2.38695936]
680 [2.35469505]
681 [2.15349522]
682 [2.82298871]
683 [2.1951718]
684 [2.530355]
685 [1.84057192]
686 [2.6934408]
687 [2.12625758]
688 [2.63896491]
689 [1.66708043]
690 [2.46116872]
691 [1.65342906]
692 [2.11000856]
693 [2.22744004]
694 [2.79205443]
695 [2.52398262]
696 [2.44623865]
697 [2.24702741]
698 [2.22430066]
699 [2.17051475]
700 [2.42031687]
701 [2.33231385]
702 [1.80506748]
703 [2.26467768]
704 [2.43203648]
705 [2.55331031]
706 [2.60941904]
707 [2.14720827]
708 [2.15557452]
709 [2.12738837]
710 [2.39553301]
711 [2.87144691]
712 [1.99328199]
713 [2.04109644]
714 [2.70887148]
715 [2.45602393]
716 [2.33656627]
717 [2.21619585]
718 [2.95178096]
719 [1.93871255]
720 [2.52978739]
721 [2.74910969]
722 [1.97704029]
723 [2.96648392]
724 [2.69519417]
725 [2.1961712]
726 [2.94694258]
727 [1.66877971]
728 [2.79181835]
729 [2.47229789]
730 [2.33468288]
731 [2.76946983]
732 [2.61955132]
733 [2.3554487]
734 [2.20946365]
735 [2.44701033]
736 [2.20944823]
737 [2.08582958]
738 [2.70511638]
739 [2.75108332]
740 [2.86077607]
741 [1.65147543]
742 [2.36816976]
743 [3.05554588]
744 [2.18204493]
745 [1.86503931]
746 [2.42291713]
747 [2.6177874]
748 [2.05793915]
749 [2.21212232]
750 [2.41337998]
751 [2.62027161]
752 [2.49966598]
753 [2.36288364]
754 [2.88416378]
755 [2.40053045]
756 [2.43152905]
757 [2.36052502]
758 [2.58223845]
759 [2.52527935]
760 [2.50159715]
761 [1.99858244]
762 [2.21977544]
763 [1.93196543]
764 [2.28796684]
765 [2.61325697]
766 [2.73756673]
767 [2.05518102]
768 [2.75484896]
769 [3.33691254]
770 [2.05265248]
771 [2.02872933]
772 [2.02715451]
773 [2.19065626]
774 [2.57385568]
775 [2.26295165]
776 [2.44767784]
777 [2.36608264]
778 [2.28185768]
779 [2.23410442]
780 [2.21707353]
781 [2.68969374]
782 [2.91301978]
783 [2.39146614]
784 [2.95708086]
785 [2.6111576]
786 [2.73245488]
787 [1.47027827]
788 [2.12391917]
789 [1.93372835]
790 [2.29747767]
791 [2.51404]
792 [1.98909587]
793 [2.21600383]
794 [2.10688439]
795 [2.58686505]
796 [2.28568012]
797 [1.77417721]
798 [2.18016482]
799 [2.45478156]
800 [2.16846975]
801 [2.52441209]
802 [2.02313472]
803 [2.0230597]
804 [1.96860476]
805 [2.02605114]
806 [1.9700761]
807 [2.56550571]
808 [2.44094398]
809 [3.40358562]
810 [2.41821705]
811 [3.25260115]
812 [3.16090788]
813 [2.70849242]
814 [3.03319878]
815 [2.61913142]
816 [3.26685879]
817 [2.53057907]
818 [2.27526344]
819 [3.42220932]
820 [2.35021926]
821 [3.01446485]
822 [2.62496804]
823 [2.55677012]
824 [2.70412582]
825 [2.87668824]
826 [3.09936106]
827 [2.56048414]
828 [2.79515503]
829 [3.19104941]
830 [2.06065001]
831 [3.1065482]
832 [1.84358225]
833 [2.22573987]
834 [2.61543819]
835 [2.69414919]
836 [3.20859702]
837 [2.52626283]
838 [2.71069792]
839 [2.94725381]
840 [2.78966263]
841 [2.97815702]
842 [2.986578]
843 [2.71775838]
844 [3.43928803]
845 [3.25300323]
846 [3.27651902]
847 [2.54582265]
848 [3.50165801]
849 [3.11801937]
850 [2.62955109]
851 [2.88885994]
852 [2.61910572]
853 [2.80866994]
854 [2.75107836]
855 [2.86361596]
856 [2.96585239]
857 [2.52478038]
858 [3.54321548]
859 [2.65838653]
860 [3.45957298]
861 [3.48437414]
862 [3.24230078]
863 [2.68876637]
864 [3.47786183]
865 [2.49602463]
866 [3.04703208]
867 [2.94764453]
868 [2.88142207]
869 [2.81504648]
870 [2.32961435]
871 [1.61683628]
872 [3.52327173]
873 [2.02009719]
874 [2.72806836]
875 [2.58435109]
876 [2.29410806]
877 [2.88206681]
878 [2.71237104]
879 [3.56466754]
880 [3.27783229]
881 [3.25021228]
882 [3.58536516]
883 [3.05112092]
884 [2.9953399]
885 [3.34023067]
886 [2.03709407]
887 [1.66895702]
888 [2.64865333]
889 [1.69765528]
890 [2.51015077]
891 [1.79064768]
892 [2.42530469]
893 [2.35557334]
894 [3.22161948]
895 [2.56945209]
896 [2.54443118]
897 [3.57747677]
898 [2.72143669]
899 [3.30434779]
900 [2.83928431]
901 [2.7702146]
902 [2.55785869]
903 [1.63555739]
904 [2.72717327]
905 [2.43672807]
906 [2.74765945]
907 [3.40702671]
908 [2.6998788]
909 [2.00122947]
910 [2.74221069]
911 [2.82675622]
912 [2.88258063]
913 [1.70591812]
914 [2.8457952]
915 [3.35708836]
916 [3.50720925]
917 [2.78055111]
918 [2.57806953]
919 [2.48424441]
920 [2.13646057]
921 [2.71077865]
922 [2.90754842]
923 [2.91259554]
924 [3.29478964]
925 [3.42102026]
926 [1.98542098]
927 [2.57593557]
928 [2.96398505]
929 [2.82540549]
930 [2.91486619]
931 [3.27696779]
932 [2.81987218]
933 [2.30420335]
934 [3.36283105]
935 [1.97651726]
936 [2.86977189]
937 [2.58483683]
938 [2.51431659]
939 [2.56428272]
940 [2.94002928]
941 [2.6431638]
942 [2.41408743]
943 [3.4391183]
944 [1.94927782]
945 [2.84427436]
946 [2.39725228]
947 [2.53078]
948 [2.46390304]
949 [2.99447208]
950 [2.70052186]
951 [2.73875122]
952 [3.03112505]
953 [2.06575924]
954 [2.80924591]
955 [2.4713185]
956 [2.57704881]
957 [2.42583886]
958 [2.43482615]
959 [2.13899468]
960 [2.4354803]
961 [1.86210752]
962 [2.9146625]
963 [2.00928824]
964 [2.76207008]
965 [2.00957454]
966 [2.81658481]
967 [2.40735348]
968 [2.23096329]
969 [2.58092581]
970 [2.6859207]
971 [2.4320159]
972 [2.31411395]
973 [3.26404449]
974 [2.39624783]
975 [2.29979422]
976 [2.47617281]
977 [2.7144239]
978 [2.39061877]
979 [2.37110739]
980 [1.65912271]
981 [2.12550625]
982 [2.90237588]
983 [2.85144413]
984 [2.236213]
985 [1.99900892]
986 [2.63146489]
987 [2.61883162]
988 [2.4530623]
989 [2.60650944]
990 [2.47245643]
991 [1.90895996]
992 [2.37265992]
993 [2.83722375]
994 [2.37214419]
995 [1.95934307]
996 [2.4383095]
997 [2.88963624]
998 [2.6564313]
999 [2.60453579]
1000 [2.65582369]
1001 [2.71895567]
1002 [2.58841829]
1003 [2.34404126]
1004 [3.0153273]
1005 [2.58289142]
1006 [2.4866311]
1007 [2.68810851]
1008 [3.35959886]
1009 [2.25107144]
1010 [1.90957724]
1011 [2.71398054]
1012 [3.15208256]
1013 [2.42713322]
1014 [2.67850905]
1015 [2.83210815]
1016 [2.41278702]
1017 [2.87192118]
1018 [2.9928857]
1019 [2.1110665]
1020 [2.38771196]
1021 [2.45564608]
1022 [2.38321987]
1023 [3.05536906]
1024 [2.63539234]
1025 [2.1730449]
1026 [2.61837783]
1027 [2.55448984]
1028 [2.04115321]
1029 [3.36764679]
1030 [2.32461463]
1031 [2.18807415]
1032 [3.18058439]
1033 [1.85927533]
1034 [2.52885763]
1035 [2.72976417]
1036 [1.91083356]
1037 [3.02281978]
1038 [2.30324725]
1039 [2.97362986]
1040 [2.34750036]
1041 [2.0097758]
1042 [2.19300609]
1043 [2.79033576]
1044 [1.85093426]
1045 [2.31677173]
1046 [2.70121706]
1047 [2.39456345]
1048 [2.37955573]
1049 [2.62807411]
1050 [2.27926731]
1051 [3.13665081]
1052 [1.959989]
1053 [2.60720212]
1054 [2.61917426]
1055 [2.76472151]
1056 [2.36954522]
1057 [2.62403923]
1058 [2.34929749]
1059 [2.51625915]
1060 [1.75827742]
1061 [2.87691529]
1062 [2.44910906]
1063 [2.80329721]
1064 [2.77209947]
1065 [2.89153073]
1066 [2.23613835]
1067 [2.31267347]
1068 [2.32139276]
1069 [2.03022004]
1070 [2.69018563]
1071 [1.65306707]
1072 [2.67378418]
1073 [2.89385643]
1074 [1.626791]
1075 [1.91680997]
1076 [2.81477527]
1077 [2.2245001]
1078 [3.04705231]
1079 [2.28606171]
1080 [2.61345272]
1081 [2.39386976]
1082 [2.14048955]
1083 [2.05922454]
1084 [2.08773615]
1085 [1.65190515]
1086 [2.46573814]
1087 [2.49916714]
1088 [2.19284517]
1089 [2.81191639]
1090 [2.46761316]
1091 [2.23788921]
1092 [2.69163505]
1093 [3.01759146]
1094 [2.99349309]
1095 [2.91865847]
1096 [2.51150182]
1097 [2.53849017]
1098 [2.68915574]
1099 [2.9418972]
1100 [2.71351835]
1101 [2.38173673]
1102 [1.82837321]
1103 [2.91462412]
1104 [2.54372454]
1105 [2.89427252]
1106 [2.7512273]
1107 [2.23626632]
1108 [2.17199855]
1109 [2.51565921]
1110 [2.85329214]
1111 [2.0965303]
1112 [1.73227219]
1113 [2.10396499]
1114 [1.52162763]
1115 [2.12569859]
1116 [1.78682703]
1117 [2.53750014]
1118 [2.2865005]
1119 [2.52772479]
1120 [2.73421251]
1121 [2.73572941]
1122 [2.59464272]
1123 [2.58025385]
1124 [2.48873797]
1125 [2.91495476]
1126 [2.59691958]
1127 [2.36916467]
1128 [1.98282125]
1129 [2.22816762]
1130 [2.32111245]
1131 [2.23118571]
1132 [2.56266817]
1133 [2.45833013]
1134 [2.43010788]
1135 [2.5628929]
1136 [2.60736693]
1137 [2.4982001]
1138 [2.414631]
1139 [1.9921425]
1140 [2.05718734]
1141 [2.68891468]
1142 [3.13343312]
1143 [2.98541005]
1144 [2.60120595]
1145 [2.76383518]
1146 [2.72189332]
1147 [2.192433]
1148 [2.9679788]
1149 [1.9240372]
1150 [1.88564366]
1151 [2.69964891]
1152 [3.00302294]
1153 [1.74040964]
1154 [3.14225022]
1155 [2.75848996]
1156 [1.81292614]
1157 [2.8517095]
1158 [2.61785155]
1159 [2.42726278]
1160 [2.74328308]
1161 [3.03819113]
1162 [2.58967616]
1163 [2.43719734]
1164 [2.59352317]
1165 [2.96393539]
1166 [1.76530735]
1167 [3.03928493]
1168 [2.8325334]
1169 [2.51291559]
1170 [2.95133956]
1171 [3.12124775]
1172 [2.48005872]
1173 [2.59318634]
1174 [2.44572577]
1175 [3.02875743]
1176 [1.80543778]
1177 [3.06926803]
1178 [2.30725451]
1179 [2.41353081]
1180 [2.87349248]
1181 [3.121284]
1182 [2.153062]
1183 [2.6497305]
1184 [2.34951391]
1185 [2.46279112]
1186 [2.99793504]
1187 [2.66771619]
1188 [2.96594259]
1189 [1.65290339]
1190 [2.70703454]
1191 [2.22052164]
1192 [2.63728395]
1193 [2.72945869]
1194 [2.42194105]
1195 [2.89889635]
1196 [2.86522974]
1197 [2.36146637]
1198 [2.3466742]
1199 [1.87225766]
1200 [1.91189906]
1201 [3.0330125]
1202 [2.7536136]
1203 [2.51491557]
1204 [2.51581105]
1205 [2.50786875]
1206 [2.69871121]
1207 [1.61758251]
1208 [3.05049131]
1209 [2.36075084]
1210 [2.24328496]
1211 [2.3944718]
1212 [2.44573275]
1213 [2.3538022]
1214 [2.31172446]
1215 [2.05370903]
1216 [2.89860018]
1217 [2.65635533]
1218 [2.97193866]
1219 [2.56833655]
1220 [2.54705092]
1221 [2.33841764]
1222 [2.96204998]
1223 [3.06938523]
1224 [2.57512907]
1225 [2.74361292]
1226 [3.10986653]
1227 [2.28822388]
1228 [3.20988941]
1229 [2.86310382]
1230 [1.88209857]
1231 [2.96519019]
1232 [2.64223094]
1233 [1.90288558]
1234 [2.72237905]
1235 [2.67204495]
1236 [2.12545131]
1237 [2.90959583]
1238 [2.23434905]
1239 [2.9183088]
1240 [2.62802651]
1241 [2.91630208]
1242 [2.72962354]
1243 [2.27010265]
1244 [2.91195365]
1245 [3.18236944]
1246 [2.70423897]
1247 [1.78006485]
1248 [2.02832335]
1249 [3.12523551]
1250 [2.22456309]
1251 [3.05422724]
1252 [2.6764497]
1253 [2.79258649]
1254 [2.34145389]
1255 [2.71323258]
1256 [2.73979014]
1257 [2.8124758]
1258 [2.48293684]
1259 [2.38686857]
1260 [2.54297927]
1261 [2.68510799]
1262 [2.26586939]
1263 [2.95706853]
1264 [2.28507111]
1265 [2.68106007]
1266 [1.89929481]
1267 [2.78369835]
1268 [2.32412959]
1269 [2.85767751]
1270 [2.76806299]
1271 [3.12486442]
1272 [2.94721109]
1273 [2.95526388]
1274 [2.57651852]
1275 [3.34299742]
1276 [2.12978664]
1277 [2.71935831]
1278 [2.61034725]
1279 [2.35952217]
1280 [2.4402681]
1281 [2.99817276]
1282 [2.51009798]
1283 [2.77564114]
1284 [2.96458122]
1285 [2.85390155]
1286 [2.95507929]
1287 [2.77054158]
1288 [3.24269092]
1289 [2.10220854]
1290 [2.56659339]
1291 [2.24162884]
1292 [2.85781662]
1293 [2.70443702]
1294 [3.15559407]
1295 [2.58009823]
1296 [3.259688]
1297 [1.65336871]
1298 [2.97041905]
1299 [2.42202235]
1300 [2.60493606]
1301 [2.48422613]
1302 [2.79774111]
1303 [3.07880475]
1304 [2.62771499]
1305 [2.37735509]
1306 [2.49499457]
1307 [2.62109553]
1308 [2.72556434]
1309 [2.36863854]
1310 [2.92475942]
1311 [2.93286964]
1312 [2.03226613]
1313 [3.1243662]
1314 [2.55768115]
1315 [2.23707732]
1316 [2.62091523]
1317 [2.92375781]
1318 [2.78120227]
1319 [3.18968292]
1320 [2.77436488]
1321 [2.50894873]
1322 [2.50802671]
1323 [2.62355474]
1324 [2.47598098]
1325 [2.55380258]
1326 [2.63263432]
1327 [2.90254494]
1328 [2.48597151]
1329 [2.67406679]
1330 [2.83310249]
1331 [3.09344383]
1332 [2.44519578]
1333 [2.77173133]
1334 [2.98909948]
1335 [2.68996053]
1336 [3.19153372]
1337 [3.31609156]
1338 [2.92918953]
1339 [1.69242559]
1340 [2.36090143]
1341 [2.56848197]
1342 [3.05681175]
1343 [2.33797876]
1344 [2.69534122]
1345 [3.00250008]
1346 [2.72824264]
1347 [2.72010656]
1348 [2.63196465]
1349 [2.73314584]
1350 [2.51304424]
1351 [2.49313776]
1352 [2.21557846]
1353 [4.05336]
1354 [3.24263808]
1355 [3.72948484]
1356 [3.31161887]
1357 [3.22525684]
1358 [3.63042397]
1359 [3.47854403]
1360 [3.54504635]
1361 [2.93158333]
1362 [3.31080091]
1363 [3.94709063]
1364 [3.08710434]
1365 [3.93722407]
1366 [3.34056836]
1367 [3.17361892]
1368 [2.97542443]
1369 [3.6798185]
1370 [3.3533219]
1371 [3.24862944]
1372 [3.38700758]
1373 [2.95528234]
1374 [3.39373455]
1375 [3.43796482]
1376 [3.15765257]
1377 [3.46372671]
1378 [3.70316335]
1379 [2.83602654]
1380 [3.47301272]
1381 [3.03659103]
1382 [3.09675217]
1383 [3.15596872]
1384 [3.29815463]
1385 [3.46229595]
1386 [3.03186233]
1387 [2.87626833]
1388 [3.59244623]
1389 [3.66935536]
1390 [2.45440781]
1391 [2.98933192]
1392 [3.27071011]
1393 [3.78743967]
1394 [3.37025408]
1395 [3.67674541]
1396 [3.53379831]
1397 [3.24690607]
1398 [3.13478364]
1399 [3.73480811]
1400 [3.70991969]
1401 [2.12431675]
1402 [2.66147804]
1403 [2.87078106]
1404 [2.99455531]
1405 [2.77258463]
1406 [2.88846916]
1407 [2.9999156]
1408 [2.80482688]
1409 [3.46819379]
1410 [3.5854256]
1411 [3.01313996]
1412 [3.05782695]
1413 [3.09674863]
1414 [2.67819755]
1415 [3.73872678]
1416 [3.0432015]
1417 [3.28369617]
1418 [3.37729015]
1419 [2.9951509]
1420 [3.25135484]
1421 [3.31489244]
1422 [3.21129783]
1423 [3.66363825]
1424 [2.68237513]
1425 [3.17745152]
1426 [3.54772613]
1427 [2.86877505]
1428 [2.15255294]
1429 [3.07358561]
1430 [3.38789261]
1431 [3.58747683]
1432 [3.04128827]
1433 [3.46801974]
1434 [3.2062448]
1435 [2.88580684]
1436 [2.46411704]
1437 [3.30359538]
1438 [2.64925603]
1439 [3.84853638]
1440 [3.46476749]
1441 [2.74650288]
1442 [3.02753932]
1443 [3.36272225]
1444 [3.2905044]
1445 [3.01466733]
1446 [2.89925071]
1447 [3.36787446]
1448 [2.90866839]
1449 [3.3347973]
1450 [3.01050191]
1451 [3.33260666]
1452 [3.90007518]
1453 [3.70027906]
1454 [2.79337606]
1455 [2.80527942]
1456 [3.01267699]
1457 [2.82930149]
1458 [3.3201984]
1459 [3.78966959]
1460 [2.93210606]
1461 [2.80740827]
1462 [2.77062524]
1463 [2.65261831]
1464 [2.51854894]
1465 [3.32704351]
1466 [2.79116489]
1467 [2.76756757]
1468 [2.38453122]
1469 [2.37848994]
1470 [3.327386]
1471 [2.95988373]
1472 [3.64085581]
1473 [3.14802103]
1474 [3.3824682]
1475 [2.9489032]
1476 [2.99092541]
1477 [3.23238346]
1478 [2.10965925]
1479 [2.95165833]
1480 [2.60385364]
1481 [2.72184044]
1482 [3.01751285]
1483 [2.56577951]
1484 [2.21876953]
1485 [2.45588972]
1486 [2.39210553]
1487 [3.56679691]
1488 [1.67637446]
1489 [3.1068985]
1490 [2.77235091]
1491 [2.70755968]
1492 [2.49278315]
1493 [2.94531476]
1494 [2.4769007]
1495 [2.51049776]
1496 [2.48906145]
1497 [3.27849581]
1498 [1.55580704]
1499 [2.96497887]
1500 [2.75944631]
1501 [2.54542935]
1502 [2.9964971]
1503 [2.8580448]
1504 [2.16632871]
1505 [2.6341713]
1506 [2.28685399]
1507 [3.02454661]
1508 [2.94835309]
1509 [2.93298393]
1510 [3.33603587]
1511 [2.34832122]
1512 [2.7742936]
1513 [2.11158708]
1514 [2.42875068]
1515 [2.5817788]
1516 [2.24456182]
1517 [1.68171934]
1518 [2.40999891]
1519 [1.69167715]
1520 [2.12667941]
1521 [1.81238086]
1522 [2.27340106]
1523 [2.05692171]
1524 [2.24333341]
1525 [2.7396455]
1526 [2.30137347]
1527 [1.71076792]
1528 [2.75599115]
1529 [2.53406355]
1530 [1.93818462]
1531 [2.62797458]
1532 [1.98863821]
1533 [2.22079839]
1534 [2.31244937]
1535 [2.22901736]
1536 [3.39878276]
1537 [3.00476779]
1538 [2.94078087]
1539 [2.26722412]
1540 [2.70771586]
1541 [2.88008832]
1542 [2.38372994]
1543 [2.61452158]
1544 [2.41159571]
1545 [1.84613918]
1546 [3.02160223]
1547 [2.86246893]
1548 [2.81855265]
1549 [2.67544463]
1550 [2.28193133]
1551 [2.51774566]
1552 [2.26676302]
1553 [2.90676346]
1554 [2.49535013]
1555 [3.09659287]
1556 [2.85331983]
1557 [3.4292496]
1558 [3.10461295]
1559 [1.7385825]
1560 [2.56318192]
1561 [2.32789206]
1562 [2.26282457]
1563 [2.95779009]
1564 [2.46658924]
1565 [2.36834077]
1566 [2.39993042]
1567 [2.97733551]
1568 [2.32317239]
1569 [2.38603255]
1570 [2.84599303]
1571 [1.79073529]
1572 [2.63643594]
1573 [2.63519599]
1574 [3.01381198]
1575 [2.94912944]
1576 [3.07562985]
1577 [2.83540677]
1578 [2.99877052]
1579 [2.82689625]
1580 [2.6825408]
1581 [2.60327719]
1582 [2.42099998]
1583 [2.83294799]
1584 [2.93846127]
1585 [2.91365058]
1586 [2.07488202]
1587 [2.68761776]
1588 [2.19463733]
1589 [2.26127367]
1590 [2.54200748]
1591 [2.66709175]
1592 [2.36375538]
1593 [2.57612712]
1594 [1.88425129]
1595 [3.06260304]
1596 [1.89613374]
1597 [2.93121698]
1598 [2.1260101]
1599 [2.41069336]
1600 [2.29922312]
1601 [2.69346875]
1602 [2.21731261]
1603 [2.78721244]
1604 [2.2484814]
1605 [3.06798663]
1606 [1.76167758]
1607 [2.96745533]
1608 [2.85738267]
1609 [2.33890252]
1610 [3.09445359]
1611 [2.94258948]
1612 [2.56931459]
1613 [2.54962343]
1614 [2.20272109]
1615 [2.87552543]
1616 [1.72873361]
1617 [2.83572748]
1618 [2.15632474]
1619 [2.1118116]
1620 [2.18204493]
1621 [2.55723648]
1622 [3.0429865]
1623 [2.77840858]
1624 [2.34921711]
1625 [1.99741104]
1626 [2.44776175]
1627 [2.31002388]
1628 [2.89214768]
1629 [2.19613079]
1630 [2.3446495]
1631 [2.49495384]
1632 [1.84440745]
1633 [2.36750508]
1634 [2.23545088]
1635 [2.38894622]
1636 [2.24790705]
1637 [2.70297626]
1638 [2.32344747]
1639 [3.05553908]
1640 [2.58706318]
1641 [2.10405382]
1642 [2.62973318]
1643 [2.89064924]
1644 [2.42293748]
1645 [2.51356658]
1646 [2.71974195]
1647 [2.54307337]
1648 [2.40855184]
1649 [2.3997393]
1650 [2.30484531]
1651 [2.75560694]
1652 [2.69110054]
1653 [1.899236]
1654 [2.06354337]
1655 [2.98560673]
1656 [2.4499711]
1657 [2.38287786]
1658 [2.88517103]
1659 [2.83994486]
1660 [1.84812858]
1661 [2.3647132]
1662 [1.93762937]
1663 [2.21270583]
1664 [2.56710951]
1665 [2.42045886]
1666 [2.72480194]
1667 [2.77176179]
1668 [2.29429231]
1669 [2.93906033]
1670 [2.55681396]
1671 [1.49477743]
1672 [2.80598499]
1673 [2.40601079]
1674 [2.23901234]
1675 [3.00104911]
1676 [2.48773892]
1677 [2.80675961]
1678 [2.79291886]
1679 [2.53899342]
1680 [3.02656059]
1681 [2.76887242]
1682 [2.63551891]
1683 [2.75120744]
1684 [2.62324481]
1685 [2.34935313]
1686 [1.96096629]
1687 [2.67882982]
1688 [1.87209495]
1689 [2.70561678]
1690 [2.10035485]
1691 [2.66026079]
1692 [1.83443037]
1693 [2.87487373]
1694 [1.97652462]
1695 [2.68264206]
1696 [2.95672336]
1697 [1.50695168]
1698 [2.63274309]
1699 [2.5567502]
1700 [2.47518519]
1701 [2.07976345]
1702 [2.83220565]
1703 [2.57362806]
1704 [3.07099288]
1705 [1.68965856]
1706 [2.29457453]
1707 [2.54351266]
1708 [2.46653915]
1709 [2.65740166]
1710 [2.37318236]
1711 [2.76559357]
1712 [2.6880622]
1713 [1.89105065]
1714 [2.57048]
1715 [2.45312565]
1716 [2.52275679]
1717 [2.56852237]
1718 [1.46550342]
1719 [2.01469827]
1720 [2.69649275]
1721 [2.52374114]
1722 [1.69366593]
1723 [3.04678929]
1724 [2.40863179]
1725 [2.79957029]
1726 [2.89079034]
1727 [2.50793644]
1728 [2.24087727]
1729 [2.69491881]
1730 [2.82335352]
1731 [2.54733067]
1732 [2.87729573]
1733 [2.13864943]
1734 [1.81607676]
1735 [2.07828941]
1736 [2.65329497]
1737 [2.12796478]
1738 [1.64863057]
1739 [2.37011638]
1740 [2.4439628]
1741 [2.38168519]
1742 [2.7463794]
1743 [2.46527719]
1744 [2.69393475]
1745 [2.40480959]
1746 [2.05167991]
1747 [2.80352046]
1748 [2.30833291]
1749 [2.35996703]
1750 [2.26455584]
1751 [2.3456335]
1752 [2.88005414]
1753 [2.79341244]
1754 [3.02099072]
1755 [3.08984361]
1756 [2.13430622]
1757 [2.42735825]
1758 [2.77922456]
1759 [2.73030265]
1760 [1.92529507]
1761 [2.03263445]
1762 [2.77142677]
1763 [2.03782809]
1764 [2.5235687]
1765 [2.52037917]
1766 [1.6310034]
1767 [2.72204719]
1768 [1.74674862]
1769 [2.33126192]
1770 [2.58883186]
1771 [2.80444028]
1772 [2.28345134]
1773 [2.2430051]
1774 [2.46575958]
1775 [2.55576254]
1776 [2.45731064]
1777 [2.58262853]
1778 [2.58489036]
1779 [2.7551082]
1780 [2.48168964]
1781 [2.62119858]
1782 [2.24039451]
1783 [2.9262996]
1784 [2.52818699]
1785 [2.79938198]
1786 [3.15343492]
1787 [1.83487796]
1788 [2.62394231]
1789 [2.42541693]
1790 [2.72486947]
1791 [2.69872058]
1792 [2.42778801]
1793 [2.55083743]
1794 [2.33070631]
1795 [3.00737781]
1796 [1.97417972]
1797 [2.91027143]
1798 [2.54027826]
1799 [2.44938229]
1800 [2.85191409]
1801 [2.55741193]
1802 [2.49768727]
1803 [2.54478473]
1804 [2.16289014]
1805 [3.2163907]
1806 [1.81810799]
1807 [2.91665104]
1808 [2.74586098]
1809 [2.54918097]
1810 [2.86320175]
1811 [2.92759692]
1812 [2.51349086]
1813 [2.9152796]
1814 [2.41862848]
1815 [2.46707598]
1816 [3.12162481]
1817 [2.51792452]
1818 [2.66783388]
1819 [3.20254209]
1820 [1.96026192]
1821 [2.78041785]
1822 [2.17700928]
1823 [2.44651442]
1824 [2.82697704]
1825 [2.17897989]
1826 [2.78330757]
1827 [1.83847048]
1828 [2.61513965]
1829 [2.42832041]
1830 [2.03172204]
1831 [2.76498355]
1832 [1.60532332]
1833 [2.61663763]
1834 [2.39552973]
1835 [2.49138095]
1836 [1.46068859]
1837 [2.24885008]
1838 [2.33027175]
1839 [2.05199296]
1840 [2.65020967]
1841 [2.52908129]
1842 [2.56928224]
1843 [2.55663863]
1844 [2.45264009]
1845 [2.00441675]
1846 [2.45380171]
1847 [2.6575001]
1848 [2.63793144]
1849 [1.71923436]
1850 [2.11259345]
1851 [2.49874299]
1852 [2.56136108]
1853 [2.88640866]
1854 [1.75411398]
1855 [2.76075977]
1856 [2.78784246]
1857 [2.14559566]
1858 [2.23127575]
1859 [2.71896525]
1860 [2.52373731]
1861 [2.49988572]
1862 [2.45527546]
1863 [2.34240323]
1864 [1.80863409]
1865 [2.49253944]
1866 [2.78390408]
1867 [2.6047043]
1868 [3.01480451]
1869 [2.87565582]
1870 [2.76767371]
1871 [2.3587646]
1872 [1.88073941]
1873 [2.64086862]
1874 [2.42512444]
1875 [3.02460269]
1876 [2.69680132]
1877 [2.46773497]
1878 [2.83914789]
1879 [2.62269409]
1880 [2.7726761]
1881 [2.5687446]
1882 [2.51231048]
1883 [2.47342274]
1884 [2.20630226]
1885 [2.92954313]
1886 [2.51625155]
1887 [2.16644021]
1888 [2.17327002]
1889 [2.61949132]
1890 [2.30861448]
1891 [2.51039968]
1892 [2.7467993]
1893 [2.43943702]
1894 [2.60992752]
1895 [2.76754735]
1896 [2.93479626]
1897 [2.83785016]
1898 [2.95837018]
1899 [2.32795823]
1900 [2.41952964]
1901 [3.18399202]
1902 [2.03018014]
1903 [2.93296588]
1904 [2.46165226]
1905 [2.44710815]
1906 [2.41229823]
1907 [2.10662132]
1908 [2.38100906]
1909 [2.39481555]
1910 [2.1007084]
1911 [3.31456248]
1912 [3.04306712]
1913 [2.63390551]
1914 [2.3450491]
1915 [2.68062827]
1916 [2.32118401]
1917 [2.25657978]
1918 [2.51193251]
1919 [3.04353417]
1920 [2.60242373]
1921 [2.56413801]
1922 [2.57261666]
1923 [2.38000881]
1924 [3.19059243]
1925 [2.92323357]
1926 [2.28330375]
1927 [2.49040818]
1928 [1.85827701]
1929 [3.06380913]
1930 [1.93387663]
1931 [2.34066162]
1932 [2.65476137]
1933 [2.65664138]
1934 [2.07591784]
1935 [2.78856597]
1936 [2.34366059]
1937 [2.94447447]
1938 [2.92652965]
1939 [2.37935017]
1940 [2.88294047]
1941 [2.21650993]
1942 [2.05344474]
1943 [2.54482402]
1944 [2.1689464]
1945 [2.59571785]
1946 [2.48538565]
1947 [2.49592824]
1948 [2.24223064]
1949 [2.39955481]
1950 [2.27927296]
1951 [2.52276444]
1952 [2.88730922]
1953 [2.77804814]
1954 [2.67046346]
1955 [2.44345483]
1956 [2.48726553]
1957 [2.28821817]
1958 [1.55543367]
1959 [2.97866411]
1960 [2.23295149]
1961 [2.56055218]
1962 [2.20565728]
1963 [2.7414588]
1964 [2.42441745]
1965 [2.63989432]
1966 [2.9932437]
1967 [2.5118796]
1968 [2.67472351]
1969 [2.08401453]
1970 [2.65997356]
1971 [3.00640555]
1972 [2.81390899]
1973 [2.08749321]
1974 [2.42099322]
1975 [1.99322912]
1976 [3.00536303]
1977 [2.10514286]
1978 [2.49846778]
1979 [1.92911779]
1980 [2.28698516]
1981 [2.52267257]
1982 [2.69682938]
1983 [2.75476422]
1984 [2.61646252]
1985 [3.04451264]
1986 [2.84221935]
1987 [3.10779983]
1988 [2.61848055]
1989 [2.47558661]
1990 [2.52980283]
1991 [2.45083757]
1992 [2.44659472]
1993 [2.5804177]
1994 [1.77574509]
1995 [2.38113137]
1996 [2.18428762]
1997 [2.57409557]
1998 [2.4827179]
1999 [2.10325479]
Mean value of sigma:  2.5603618398091106